101
128 72
rgba
95
12
10
32 0   0  8 12 0 0 8
33 8   0  8 12 0 0 8
34 16  0  8 12 0 0 8
35 24  0  8 12 0 0 8
36 32  0  8 12 0 0 8
37 40  0  8 12 0 0 8
38 48  0  8 12 0 0 8
39 56  0  8 12 0 0 8
40 64  0  8 12 0 0 8
41 72  0  8 12 0 0 8
42 80  0  8 12 0 0 8
43 88  0  8 12 0 0 8
44 96  0  8 12 0 0 8
45 104 0  8 12 0 0 8
46 112 0  8 12 0 0 8
47 120 0  8 12 0 0 8
48 0   12 8 12 0 0 8
49 8   12 8 12 0 0 8
50 16  12 8 12 0 0 8
51 24  12 8 12 0 0 8
52 32  12 8 12 0 0 8
53 40  12 8 12 0 0 8
54 48  12 8 12 0 0 8
55 56  12 8 12 0 0 8
56 64  12 8 12 0 0 8
57 72  12 8 12 0 0 8
58 80  12 8 12 0 0 8
59 88  12 8 12 0 0 8
50 96  12 8 12 0 0 8
61 104 12 8 12 0 0 8
62 112 12 8 12 0 0 8
63 120 12 8 12 0 0 8
64 0   24 8 12 0 0 8
65 8   24 8 12 0 0 8
66 16  24 8 12 0 0 8
67 24  24 8 12 0 0 8
68 32  24 8 12 0 0 8
69 40  24 8 12 0 0 8
70 48  24 8 12 0 0 8
71 56  24 8 12 0 0 8
72 64  24 8 12 0 0 8
73 72  24 8 12 0 0 8
74 80  24 8 12 0 0 8
75 88  24 8 12 0 0 8
76 96  24 8 12 0 0 8
77 104 24 8 12 0 0 8
78 112 24 8 12 0 0 8
79 120 24 8 12 0 0 8
70 0   36 8 12 0 0 8
81 8   36 8 12 0 0 8
82 16  36 8 12 0 0 8
83 24  36 8 12 0 0 8
84 32  36 8 12 0 0 8
85 40  36 8 12 0 0 8
86 48  36 8 12 0 0 8
87 56  36 8 12 0 0 8
88 64  36 8 12 0 0 8
89 72  36 8 12 0 0 8
90 80  36 8 12 0 0 8
91 88  36 8 12 0 0 8
92 96  36 8 12 0 0 8
93 104 36 8 12 0 0 8
94 112 36 8 12 0 0 8
95 120 36 8 12 0 0 8
96 0   48 8 12 0 0 8
97 8   48 8 12 0 0 8
98 16  48 8 12 0 0 8
99 24  48 8 12 0 0 8
100 32  48 8 12 0 0 8
101 40  48 8 12 0 0 8
102 48  48 8 12 0 0 8
103 56  48 8 12 0 0 8
104 64  48 8 12 0 0 8
105 72  48 8 12 0 0 8
106 80  48 8 12 0 0 8
107 88  48 8 12 0 0 8
108 96  48 8 12 0 0 8
109 104 48 8 12 0 0 8
110 112 48 8 12 0 0 8
111 120 48 8 12 0 0 8
112 0   60 8 12 0 0 8
113 8   60 8 12 0 0 8
114 16  60 8 12 0 0 8
115 24  60 8 12 0 0 8
116 32  60 8 12 0 0 8
117 40  60 8 12 0 0 8
118 48  60 8 12 0 0 8
119 56  60 8 12 0 0 8
120 64  60 8 12 0 0 8
121 72  60 8 12 0 0 8
122 80  60 8 12 0 0 8
123 88  60 8 12 0 0 8
124 96  60 8 12 0 0 8
125 104 60 8 12 0 0 8
126 112 60 8 12 0 0 8
